clueweb09-en0129-71-18001	2.8591851326426134e-05	0.0735568238121376	2.859185132714093e-05	2.8591851324353224e-05	2.85918513244247e-05	2.8591851324639142e-05	2.859185132456766e-05	2.8591851327712764e-05	2.8591851324710618e-05	2.8591851325711337e-05	2.859185132428174e-05	2.8591851325568378e-05	2.8591851326211693e-05	2.8591851323709906e-05	0.015844107105245805	2.8591851323566947e-05	0.02109661056586974	2.8591851325568378e-05	0.8539313177856293	2.8591851325496895e-05	2.859185132335251e-05	0.0047186865669418005	2.8591851330643433e-05	0.0008931719575641112	0.029444628882753576
clueweb09-en0109-85-04295	9.661835750633263e-05	9.661835749787852e-05	0.18475329498302237	0.05208567932160138	9.661835750415871e-05	9.661835749111523e-05	9.661835750270943e-05	9.661835750512491e-05	9.661835749522151e-05	0.017476975054561923	0.09315941518911182	9.661835750101862e-05	0.515865018819776	9.661835751285437e-05	9.661835750222634e-05	9.661835749691234e-05	9.661835750077707e-05	9.661835749425534e-05	0.010200020908108086	9.661835749715388e-05	9.66183574908737e-05	9.661835749691234e-05	9.66183575193761e-05	9.661835750947273e-05	0.12472046528879398
clueweb09-en0001-60-00615	3.167062550266883e-05	3.167062550441072e-05	0.26821120092885165	3.1670625497839064e-05	0.039533504654681535	3.167062549546376e-05	3.167062549752235e-05	0.1734230703737372	3.167062550654849e-05	0.09141579459863033	3.167062550148118e-05	3.1670625497759884e-05	0.357624258377028	3.167062549791824e-05	0.059955151050278564	3.167062549918506e-05	0.009266948757805604	3.167062549760153e-05	3.167062549886835e-05	3.167062549855165e-05	3.1670625496255526e-05	3.167062549799742e-05	3.1670625500056e-05	3.167062549585965e-05	3.1670625501164475e-05
clueweb09-en0120-56-22918	0.01122758174981304	0.00013201320135950275	0.02638102727763916	0.02638047499915721	0.007786989205024194	0.003806477962644668	0.006610667504940666	0.00013201320135752253	0.00013201320136280306	0.0353700678078011	0.062450294750716895	0.03257112793464798	0.005328721471141415	0.0001320132013532321	0.00013201320137765454	0.00013201320138755553	0.00824861095322759	0.000132013201362143	0.00013201320135950275	0.0001320132013601628	0.0001320132013542222	0.03736851918374484	0.43535125869693253	0.00013201320135257204	0.299666035287582
clueweb09-en0018-02-03508	5.34045393957242e-05	5.3404539393320996e-05	0.0860045363512612	0.26029930272197704	5.340453939665878e-05	0.004998356543442228	5.340453940453594e-05	5.340453939932901e-05	5.340453939625824e-05	0.008943521099867837	0.1718561745244114	5.340453940213274e-05	0.34102556616218666	5.3404539392386414e-05	5.3404539397593356e-05	5.340453940533701e-05	0.004487368409707651	5.340453939185237e-05	0.00971822037697875	5.340453939599122e-05	0.023002967390753276	0.0030389345491619235	0.006800654289237501	5.340453940053061e-05	0.07913013856884281
clueweb09-en0066-67-07690	0.0012247945824993278	0.030742042115043368	0.08765459392061849	0.07537885413049222	0.3975247553148597	1.9212295872172105e-05	0.0031266341273943447	0.0006787044219972317	1.9212295873084684e-05	0.0006556819203566424	0.009689042816667486	0.06888220636458907	0.001232623349459914	0.0012888493685155997	0.07129830138601025	0.0009221189091155493	1.9212295874477576e-05	1.9212295874861827e-05	0.006894438139101337	0.0010654253397426015	1.9212295872748473e-05	0.005587533762528833	0.1154156350684962	1.9212295872892564e-05	0.12062249118727174
clueweb09-en0003-97-17900	9.174311929934069e-05	0.038134672339134056	0.08535396011292444	0.7482622431859494	0.03729040980195461	9.17431192704416e-05	9.174311928489115e-05	0.0036842223489786177	9.174311927778106e-05	9.174311927801041e-05	0.03441849415003987	9.174311928833151e-05	9.174311927227647e-05	9.17431192743407e-05	9.174311928397372e-05	0.004645759782629214	9.17431192775517e-05	9.174311927342326e-05	9.174311928259757e-05	9.174311929016639e-05	9.174311928489115e-05	9.17431192807627e-05	0.04665060525060944	9.174311927411133e-05	9.174311928741407e-05
clueweb09-en0010-19-05640	6.768189510019145e-05	0.011051104513299687	0.0987134513644573	6.768189510645203e-05	0.005300770537712387	0.012494829770140768	6.768189510086827e-05	6.768189509866861e-05	0.06304196023819139	6.768189510137588e-05	0.004100267784885187	6.768189510222191e-05	6.76818950983302e-05	6.768189509782258e-05	0.16110487343428	6.768189510272952e-05	6.768189510966692e-05	6.768189510814408e-05	0.2796035913951489	6.768189510459077e-05	6.76818950949461e-05	0.03902240826117346	0.002820012840584682	0.013807839662394399	0.30805902556140574
clueweb09-en0002-05-21729	0.001181180067030591	0.012487562961231265	0.11868175939563545	2.216066482495511e-05	2.2160664826395553e-05	0.0050251662442406305	0.004835782313922787	0.0021179649547296057	0.0027856242490447436	0.0031400576546143167	0.024153116178170952	0.04561920454754512	0.005400388474942447	0.0051840647978851065	0.01590756484273191	2.2160664824456495e-05	2.2160664824788904e-05	2.216066482634015e-05	0.23840733433763422	2.2160664825841536e-05	0.0047927903826609315	0.03304717356264901	0.04354209789725721	2.2160664823459262e-05	0.43353604248429756
clueweb09-en0011-50-08123	6.462035542546346e-05	0.004938172103719213	0.08159657480451958	0.023210852392373804	6.462035543580273e-05	6.462035542094004e-05	0.002960607210344409	0.0022508635150792697	6.462035542126314e-05	0.004729460933215975	0.018267268688056372	6.462035544598043e-05	6.462035543612582e-05	6.462035542514037e-05	6.46203554322486e-05	0.004609460509812721	6.462035543273326e-05	6.46203554322486e-05	0.06269414962464574	6.462035543208704e-05	0.007720927461672987	0.02274379037326921	0.003454813166446575	0.062294942669844436	0.6978172926372598
clueweb09-en0009-06-27264	0.0036758565784966784	0.007089775534146886	0.05985624011884145	0.010421466663491068	3.636363637575602e-05	3.636363636675602e-05	3.6363636370937836e-05	3.636363637548329e-05	0.0032757601024309916	0.0044286027781245746	0.0030801363250530177	3.636363637611966e-05	0.004631687463521277	3.636363637284693e-05	0.02246082090837344	3.6363636370937836e-05	0.012368171763724652	3.636363636893784e-05	0.10665167779327112	3.636363637130148e-05	0.003256924986038702	0.048068303137613864	0.019421113383423387	3.636363636884693e-05	0.690949826099731
clueweb09-en0118-21-40596	0.00010638297873195423	0.010612865857476566	0.030343369878315138	0.00010638297874551808	0.00010638297873461381	0.007380520159851805	0.00010638297874179465	0.01917072970419923	0.0001063829787428585	0.005260597624016147	0.00010638297874924147	0.02314735821232532	0.00010638297873487976	0.00010638297873966699	0.00010638297874950741	0.005365446359418266	0.00010638297875136912	0.00010638297874339041	0.1119959474682949	0.00010638297873913508	0.00010638297875775212	0.14711607702680832	0.034201964299177004	0.003795365245354626	0.6002267794411011
clueweb09-en0001-73-21485	0.043101749892653446	0.013196807367059603	0.3663789917978491	0.29473698167560014	4.333694476603977e-05	4.3336944753472055e-05	4.3336944755855585e-05	0.011085328953062462	0.0012376078550457074	0.0024937736906253333	0.1300314710841465	0.006080732655839338	0.01891743934188652	4.333694475921419e-05	4.3336944761922754e-05	0.01834258292207401	0.003465580963633985	0.014337566356954011	0.035439300365070626	4.3336944763764576e-05	0.001443000477538736	4.333694476159772e-05	0.018564674281156993	0.008840415414265558	0.01200263629221603
clueweb09-en0005-35-22388	7.366482506255376e-05	0.2463567954246357	0.006333533008138291	0.008500818986992549	0.004526050466465628	7.36648250516882e-05	0.12730243765229965	7.366482505702891e-05	0.020921768697897913	7.366482505224068e-05	7.366482505592394e-05	0.18613921450270632	7.366482505095157e-05	7.366482505868636e-05	0.07996491140043259	7.366482505371398e-05	7.366482506236961e-05	7.366482506292208e-05	0.02302415856374714	7.366482505794971e-05	7.366482505371398e-05	7.366482505573977e-05	0.2872550095426687	7.366482507415597e-05	0.00864399420320585
clueweb09-en0038-64-14371	2.36546422242454e-05	2.365464222477763e-05	2.3654642224718492e-05	2.3654642225014177e-05	2.3654642224127127e-05	2.365464222513245e-05	2.365464222430454e-05	2.3654642224067994e-05	2.365464222389058e-05	2.3654642224008854e-05	2.365464222477763e-05	2.3654642224363673e-05	2.365464222430454e-05	2.3654642224067994e-05	2.365464222507331e-05	2.3654642224127127e-05	2.3654642225191583e-05	2.3654642224718492e-05	2.3654642225309856e-05	2.3654642224186267e-05	2.365464222389058e-05	2.365464222702482e-05	0.9994322885866095	2.365464222389058e-05	2.365464222554641e-05
clueweb09-en0109-89-09970	0.009733150173361389	0.0013743034477020756	0.018585345516469908	0.035388005675445984	0.0031098498559124815	0.004540095824440172	0.027889958339159197	0.020403249830512244	0.0014264086001828905	4.219409286768544e-05	0.07522416731039455	0.024580786883410016	0.6373931362283787	0.00557880648186157	4.2194092840364766e-05	4.2194092842158016e-05	4.219409284268544e-05	4.2194092838255065e-05	0.016261530225829792	4.219409284057574e-05	0.0058239729522893986	0.010900387122859937	0.0634066269999735	4.219409285186266e-05	0.03808485988189261
clueweb09-en0062-41-09048	2.6041666675266096e-05	0.27748966977804396	0.002894296698512787	0.015386514303903356	0.03018707864532546	2.6041666671880678e-05	2.604166667656818e-05	0.0018098355485864509	0.009810611676280218	0.005909151922361007	0.0029518148624169574	0.21842711282670504	0.000816138254855765	0.00505457119986772	0.028266504186691903	2.60416666737687e-05	0.004902850599903965	0.02158389883424888	0.01605688573456473	0.0024666737782751955	0.0007215752709185067	2.6041666674615056e-05	0.32842368589385235	2.6041666680474427e-05	0.026684879984633238
clueweb09-en0003-86-09367	0.004082577610280688	0.002143947783944759	0.15822049829972012	0.009139555522909829	4.206098844692508e-05	4.2060988439879866e-05	0.00363209679468969	0.03139982735475903	0.0023559321476638354	0.019881990124624032	0.0072316244246642125	4.206098844408597e-05	0.0014817714874633245	0.0075335364255140844	0.01565689820218977	0.00811969641842073	4.206098844913329e-05	0.005034154946201286	0.05531167940673349	4.20609884477663e-05	0.008648882386640504	0.031096857696884833	4.2060988447556e-05	0.004475756854055435	0.624300350181965
clueweb09-en0025-77-15013	0.013455647825115234	0.1231412516916187	0.03242104473436886	0.049005721639536454	0.07990466875508617	5.235602094630519e-05	5.235602095049367e-05	0.009508688661971488	5.235602094983922e-05	0.0017366915404172822	5.235602095651461e-05	0.32125857635396227	5.2356020948006755e-05	5.235602095023189e-05	5.235602095952509e-05	5.2356020957823515e-05	0.038229893928736706	0.00368840243316571	5.235602095729995e-05	5.235602095625283e-05	5.235602094944655e-05	5.2356020955729276e-05	0.08228019089569019	0.0430229838290575	0.20171796545983586
clueweb09-en0012-31-01026	2.3432923260325937e-05	0.00775816947546645	0.05417004710564595	2.3432923261497584e-05	2.3432923263782296e-05	2.343292326231774e-05	0.008386387600803477	0.0018714053255300832	0.0023223191554692197	0.01457553630677629	0.013014513566808512	2.343292326261065e-05	2.3432923262024824e-05	2.343292326290356e-05	2.343292326413379e-05	0.0009433188605011925	2.3432923268527463e-05	2.3432923261028927e-05	0.3737155521499268	2.3432923262669234e-05	2.343292326208341e-05	0.007742476815243102	0.01773320144922084	2.343292325968153e-05	0.4974624441861945
clueweb09-en0052-84-00940	0.0001470588235437338	0.00014705882354189553	0.000147058823551822	0.01377508374458476	0.36677043086980377	0.00014705882358086612	0.00014705882354446907	0.00014705882354520438	0.00014705882353638084	0.00014705882353785143	0.00014705882353968966	0.022508306167685836	0.00014705882353417498	0.21548239170507225	0.07138632895217657	0.00014705882354888082	0.00014705882354667496	0.00014705882353491026	0.00014705882356616027	0.06196478967928929	0.00014705882353821908	0.00014705882354189553	0.18313390691982584	0.0001470588235492485	0.06247876196127966
clueweb09-en0008-86-22975	0.08749267969200743	5.7388809196136876e-05	0.27904629346825743	5.738880919570646e-05	5.73888092005845e-05	0.0017128876814110287	5.7388809195276046e-05	0.06015907530235218	5.73888091939848e-05	0.02039526051565063	5.73888091949891e-05	5.7388809197141186e-05	0.26296388774322554	5.738880919628035e-05	0.11830019188007157	5.738880920302353e-05	0.014281479066020581	5.7388809191545774e-05	0.025003805485071084	0.005401389968281878	5.738880920001062e-05	5.738880919599341e-05	5.738880919441521e-05	5.738880919427174e-05	0.12443960586890125
clueweb09-en0122-22-37121	0.00957434822691167	0.001364207726553129	0.01348615112962865	0.02829788405409224	0.00294641555424541	0.0045446599819943066	0.030008596611045515	0.020593964522379174	0.0014265642147327472	4.219409284225875e-05	0.07532723613665389	0.027338339990147398	0.642443648619306	0.005599959487228099	4.21940928404655e-05	4.219409283962162e-05	4.219409284268069e-05	4.219409283846128e-05	0.016206710772796302	4.219409284025453e-05	0.006058907066917008	0.00898719189865804	0.06684061161540578	4.2194092855866343e-05	0.03865924374140497
clueweb09-en0062-29-15313	8.869179602184239e-05	8.869179601762952e-05	0.039672538065250396	0.26638944414979887	8.869179602561177e-05	8.869179601386011e-05	8.869179602029027e-05	0.011974775018580715	8.869179602716389e-05	0.007630518534876367	0.09477781473409738	8.869179602139892e-05	0.40269992018493117	8.869179601962507e-05	0.010893690170171487	8.869179602915945e-05	8.869179603315058e-05	8.869179602029027e-05	8.869179602029027e-05	8.869179602162064e-05	8.869179601740779e-05	8.8691796020512e-05	0.0833474258878922	0.004951895736038451	0.07633160057803318
clueweb09-en0009-61-32907	0.0023877948278240475	5.6737588660023676e-05	0.27801366495464086	5.6737588661300276e-05	5.673758866470453e-05	5.673758865378254e-05	5.6737588663569776e-05	0.07935490042576246	0.002920117125491829	0.13994247797307952	5.673758866087474e-05	5.673758866243503e-05	0.4513165187956106	5.6737588661300276e-05	0.045043249301687356	5.673758865888893e-05	5.673758866470453e-05	5.6737588665130065e-05	5.6737588662860565e-05	5.67375886607329e-05	5.6737588656052053e-05	5.673758865888893e-05	5.673758866825063e-05	5.673758865477545e-05	5.6737588665130065e-05
clueweb09-en0089-17-07390	4.1972717737330544e-05	4.1972717736596025e-05	0.15331932384777597	0.0017101682653975255	4.197271773953411e-05	4.197271773523191e-05	4.1972717740688366e-05	4.197271773974397e-05	4.1972717736071366e-05	4.1972717736176296e-05	0.009102091252910116	0.0015646900699581453	4.1972717735756574e-05	0.05460638683798519	0.3735608057372262	4.197271774110809e-05	4.197271774037356e-05	4.1972717741317955e-05	0.09707936281310463	4.197271773963905e-05	4.197271773911438e-05	0.010770089264298113	4.197271773712068e-05	0.0037828789642255795	0.29387461218104277
clueweb09-en0122-44-35424	4.750593825060958e-05	4.7505938248590576e-05	4.750593825001575e-05	0.11893297182159819	0.0349581531349464	4.7505938244790095e-05	4.7505938249184394e-05	4.750593824704663e-05	0.0028557414130675495	4.7505938245027623e-05	0.010708613873231332	4.750593824942192e-05	0.4027090030523116	4.7505938245977744e-05	4.750593825072834e-05	4.750593825441005e-05	4.7505938249184394e-05	4.750593824989698e-05	0.03723290070897746	4.75059382471654e-05	0.00871838084850463	0.3553472815039611	0.015154387639462625	0.002264418635182896	0.01045306423327428
clueweb09-enwp01-23-00943	9.231479346338257e-06	9.23147934613055e-06	9.231479346522887e-06	9.231479346269021e-06	9.231479345807447e-06	0.0043857633201488284	9.231479346522887e-06	9.231479346199786e-06	0.004809745619772217	0.0012031743601738686	9.231479346822911e-06	0.003792391807387378	0.0020861396837122733	0.0017683089594909302	9.231479347330641e-06	9.231479346176706e-06	9.231479345668976e-06	9.231479346453652e-06	0.9637880491702974	0.00044608710179129806	0.0019898896243087496	0.004207499414280227	0.0013971498530820558	9.23147934647673e-06	0.010005791854052185
clueweb09-en0017-57-15869	1.796945193471004e-05	0.0787624455102189	0.006916175854400255	1.7969451935878054e-05	0.0068483308353469285	1.796945193448542e-05	1.7969451934395574e-05	0.0063906146619032165	1.7969451937630077e-05	1.7969451933991265e-05	0.0015992311996538345	1.7969451934979583e-05	0.0007866099983680515	1.7969451934754966e-05	0.06558408360030538	1.7969451935383895e-05	0.208423547330649	1.7969451934844813e-05	0.47424305328786875	0.0012473531289144434	1.796945194656988e-05	0.02248749765984299	1.7969451936956222e-05	1.7969451934620193e-05	0.12647745405735908
clueweb09-en0045-13-24119	1.0209290456347959e-05	0.0004218170843001468	0.29818267636019874	0.0022844947483462523	1.0209290457011561e-05	0.0011168924688334406	1.0209290455786449e-05	0.30590336929072276	0.00035612792098844244	0.11694061017308874	0.0012303750176865182	1.0209290455811971e-05	0.2477358321103985	0.0022568521414763135	0.0050807888368249385	0.003814771560384393	1.020929045660319e-05	0.0010355398820368871	0.00372541330938369	0.0052962102635605275	0.002100581879680424	0.002139545538753688	1.0209290456347959e-05	0.0003066363801406897	1.0209290457011561e-05
clueweb09-en0102-98-21576	7.272727273409342e-05	7.272727273409342e-05	0.02202042490538284	7.272727273882067e-05	7.272727273845705e-05	0.0032841364142247313	7.272727274227523e-05	7.272727273445704e-05	7.272727273372978e-05	7.27272727360934e-05	0.08935318193449929	0.005953609036839195	7.272727273336615e-05	7.272727274682068e-05	0.005125218641673581	7.272727273372978e-05	7.272727273954796e-05	7.27272727439116e-05	0.49413949148287095	7.272727274609341e-05	7.272727273518433e-05	0.014412084774739781	0.2833068492385672	7.272727273518433e-05	0.08124136720739657
clueweb09-en0027-15-03534	8.810572688194963e-05	8.81057268883373e-05	0.09754940286637513	8.810572688305095e-05	8.810572689406417e-05	8.810572688371176e-05	8.810572688239017e-05	0.003467148114928248	0.04029798477874715	8.810572688106857e-05	8.810572688569413e-05	8.810572688327124e-05	8.81057268790862e-05	8.810572688547387e-05	0.2660074359705695	0.005365666791769589	0.23315704532200263	8.810572688106857e-05	0.10913065867377252	8.810572688723599e-05	0.005985523760797074	8.810572691829324e-05	8.810572688371176e-05	8.810572687996727e-05	0.23762944209085984
clueweb09-en0005-33-23329	0.00421367743872374	7.827788652776782e-05	0.03886890480769597	0.8132610887832726	0.022290799522296765	0.0028811432636955603	7.827788651485196e-05	7.827788651191654e-05	7.827788651543904e-05	7.827788650937251e-05	7.827788653461713e-05	7.827788652326683e-05	7.827788650956821e-05	7.827788650800265e-05	0.03250767498033087	7.827788651622184e-05	7.827788651700462e-05	7.827788651035099e-05	7.82778865172003e-05	0.013925333420979928	7.827788651583044e-05	7.827788651876585e-05	0.027574437406515013	7.827788651465626e-05	0.04322449419222465
clueweb09-en0126-38-12029	7.662835249501218e-05	7.662835250248343e-05	7.662835250401602e-05	7.662835249731103e-05	0.05318210783305114	0.002056080017378099	7.662835250133402e-05	0.03639537660513072	7.662835249462904e-05	7.662835249769416e-05	7.662835249347961e-05	7.662835249520375e-05	0.13113485004264905	0.07169610972728946	7.662835250095087e-05	0.6544412273731824	7.662835251301984e-05	7.662835249290489e-05	7.662835249826888e-05	7.662835249865202e-05	7.662835249347961e-05	0.02273103882018435	0.02706052758866135	7.662835249482062e-05	7.662835250018459e-05
clueweb09-en0038-64-14351	2.355712603507901e-05	2.3557126034548973e-05	0.005933669680634668	2.3557126033960044e-05	2.355712603867147e-05	2.355712603413672e-05	0.0007554368321246831	0.0008618701647359341	2.3557126031486545e-05	2.355712603284108e-05	0.0018760734568779862	2.355712603260551e-05	2.355712603219326e-05	2.355712603242883e-05	2.355712603413672e-05	2.3557126033488904e-05	2.355712603284108e-05	2.3557126032075474e-05	2.3557126039201504e-05	2.3557126035962396e-05	2.355712603178101e-05	2.355712603873036e-05	0.9761534279421723	2.3557126032311044e-05	0.01397193652880597
clueweb09-en0091-40-03474	0.00010638297873195423	0.010612865857476566	0.030343369878315138	0.00010638297874551808	0.00010638297873461381	0.007380520159851805	0.00010638297874179465	0.01917072970419923	0.0001063829787428585	0.005260597624016147	0.00010638297874924147	0.02314735821232532	0.00010638297873487976	0.00010638297873966699	0.00010638297874950741	0.005365446359418266	0.00010638297875136912	0.00010638297874339041	0.1119959474682949	0.00010638297873913508	0.00010638297875775212	0.14711607702680832	0.034201964299177004	0.003795365245354626	0.6002267794411011
clueweb09-en0052-84-00943	0.00013937282231072645	0.00013937282231351393	0.0001393728223197857	0.0001393728223166498	0.2848138143033615	0.00013937282235950693	0.00013937282230759058	0.00013937282231246863	0.00013937282230515154	0.000139372822307939	0.00013937282230759058	0.0001393728223340714	0.00013937282230306095	0.21035658785494563	0.04327666614757987	0.016092895405855782	0.00013937282231351393	0.00013937282234766023	0.00013937282233581356	0.016025289550489628	0.0001393728223058484	0.0001393728223121202	0.30534570159543917	0.00013937282230306095	0.12158033434061222
clueweb09-en0012-42-20658	0.009081363061074793	6.578947369214155e-05	0.1558687610109336	6.578947369921392e-05	6.578947370036523e-05	6.578947368654945e-05	6.57894736911547e-05	6.578947369510207e-05	6.57894736911547e-05	6.578947369641786e-05	6.578947369839154e-05	0.009659404614178779	6.578947368737181e-05	0.06832707920420028	0.572230591881826	6.578947369592445e-05	6.578947369575996e-05	6.578947369707575e-05	0.004820426274918146	6.578947370233891e-05	6.578947368720734e-05	6.578947369773364e-05	6.578947369016786e-05	6.57894736918126e-05	0.17882816342637256
clueweb09-en0052-89-31384	4.381161008500286e-05	0.028466806731642633	4.3811610082045576e-05	0.0031990656713759827	0.032050901883093064	4.381161008051216e-05	4.381161008850778e-05	4.3811610082045576e-05	0.014619814521689888	4.381161008095028e-05	4.38116100836885e-05	0.21199194146045086	4.381161008116934e-05	4.381161008160746e-05	0.2351092643843051	4.3811610082593213e-05	4.381161008379804e-05	0.01606528845052882	4.381161008160746e-05	0.004685625670434904	4.381161007810253e-05	4.381161008544097e-05	0.3998293215041434	0.01018219095741614	0.04318641622376194
clueweb09-en0109-71-05736	7.662835251266465e-05	7.662835250461866e-05	0.09244331858708978	0.767464752620935	0.008638502506909028	7.662835249369912e-05	7.662835250327766e-05	7.66283525050018e-05	7.662835252300947e-05	0.03513906187654271	0.0237425102353931	7.662835250136196e-05	7.662835249599798e-05	7.66283524977221e-05	7.662835250634281e-05	7.662835249925469e-05	7.662835251189836e-05	0.007370583093020069	7.662835250193667e-05	7.662835249925469e-05	0.0025792093238137144	7.662835250404395e-05	7.662835250787537e-05	7.662835249484856e-05	0.06131937976373375
clueweb09-en0007-86-27261	0.0066646836729972675	0.012330676550015995	8.281573500820352e-05	8.281573501275838e-05	0.01612602288249429	0.0029758071688044405	8.28157350075824e-05	8.281573500219939e-05	8.281573501814142e-05	0.005295488160524853	0.0709552081570453	8.2815735000129e-05	0.004565525344100652	8.281573500944576e-05	0.1157681815342529	8.281573500116418e-05	0.017323643312103287	0.004031284530043854	0.3427437133769191	8.281573500364866e-05	8.281573499536709e-05	0.04090193525594662	8.28157350164851e-05	8.281573500820352e-05	0.3593240412346681
clueweb09-en0003-11-14796	3.478260870499091e-05	0.002071104305639952	0.12832616064910116	0.7417056660591609	3.4782608703860476e-05	3.478260871142569e-05	3.478260870203439e-05	3.478260870038221e-05	3.478260869838221e-05	3.478260869916482e-05	0.024021268039346837	3.4782608702643086e-05	0.0041901321987332036	0.0012466020624031942	0.03881246877830296	3.478260870046917e-05	3.478260870690395e-05	3.4782608697860474e-05	3.478260869916482e-05	3.478260869977352e-05	3.4782608698121346e-05	3.478260870168656e-05	3.4782608700556126e-05	3.478260869777352e-05	0.05903529355938666
clueweb09-en0011-05-29576	0.0025073251950010478	0.011430364099529076	0.1350292837833808	3.816793893539236e-05	3.8167938938922905e-05	3.81679389413084e-05	3.8167938935487786e-05	3.816793893634657e-05	3.816793894636565e-05	0.010306746363699128	3.8167938939113745e-05	3.816793893787328e-05	0.0023266184550124916	3.816793893758702e-05	0.029416366263171203	3.816793893634657e-05	3.816793895199542e-05	3.816793893577404e-05	0.1269521061561309	3.8167938936060306e-05	3.8167938934342754e-05	0.010956444942829652	3.8167938936441986e-05	3.816793893367481e-05	0.6704640577182327
clueweb09-en0000-45-23285	4.469273743858118e-05	4.4692737443609106e-05	0.0876753954322839	4.4692737436346544e-05	0.004577726895885155	4.4692737432994584e-05	0.0016742499466869429	0.002330701600894108	0.004185731175019037	4.469273744226833e-05	4.4692737445061625e-05	4.4692737441486204e-05	4.4692737434670564e-05	4.4692737435899615e-05	4.469273744092755e-05	4.469273743612308e-05	4.469273743545268e-05	0.0018554456217338864	0.0738583420250941	4.46927374390281e-05	0.0026440532328182763	0.001987414102007751	0.010702713307937794	4.469273743388844e-05	0.8078825283355027
clueweb09-en0062-44-22746	0.18451764066275686	0.06926132719903964	0.14742255516592054	1.865671642398503e-05	0.01924184116250289	1.865671641941413e-05	1.865671642169958e-05	0.0007754067815107528	0.002192035523474016	0.0027887241406540156	0.002320289046369556	0.013676527138816922	1.8656716429908538e-05	1.8656716420860027e-05	0.21874893099289416	0.062369610303998006	0.004324545470516888	1.8656716421886146e-05	0.0060654665363587	0.040976392744012574	0.0007239971947256641	0.010922040071098921	0.02104017562703317	0.002332414791109157	0.1901881391486699
clueweb09-en0012-30-36870	8.54700854798031e-05	8.547008547317917e-05	0.2014748985399543	8.547008548963216e-05	8.547008548215353e-05	8.547008547296549e-05	0.03632434995675284	8.547008548343558e-05	0.0024160228973589028	0.027119027876429523	0.217551150739654	8.5470085477239e-05	0.28066079798244464	8.547008547510225e-05	8.547008549176892e-05	8.547008547788002e-05	8.547008550971764e-05	8.547008547488857e-05	0.0029571088527336202	8.547008548813643e-05	8.547008547339286e-05	8.547008548087148e-05	8.547008549476037e-05	8.547008549005951e-05	0.23004365170145727
clueweb09-en0016-26-24431	1.852709587907348e-05	1.8527095882223087e-05	0.031399411674032665	1.8527095879536658e-05	1.852709588037038e-05	1.8527095879721928e-05	0.000810023972254607	0.0010694639439352365	0.0015405542534412831	0.0009345186851952589	1.8527095879814563e-05	1.8527095879536658e-05	1.8527095879212438e-05	1.8527095879351388e-05	0.005777879270732537	1.8527095880416695e-05	1.8527095878841895e-05	1.8527095879351388e-05	0.056348814700793705	1.8527095881111462e-05	1.8527095880648287e-05	0.0025885363828366727	0.09844567621028813	1.8527095879768247e-05	0.8008072144682908
clueweb09-en0000-95-24670	4.024144869423545e-05	4.024144869554329e-05	0.027240973478693427	4.024144870178072e-05	4.024144869785717e-05	0.0012668359789378685	0.0017104078460188422	4.024144869524148e-05	0.0010616714563383453	4.024144869745476e-05	0.005688905496437484	4.024144869624752e-05	4.0241448694939666e-05	4.024144869504027e-05	4.0241448699567434e-05	4.024144869795778e-05	4.024144869735416e-05	0.002283756226532898	0.3867115423655934	4.024144869735416e-05	4.024144869413484e-05	0.03295822835023206	0.10312634355429914	4.024144869423545e-05	0.4373477135164676
clueweb09-enwp01-48-17046	0.0004076073204051769	0.34115366588082335	0.10224682663038341	5.474952095169168e-06	0.018495755252035503	0.0007748418992276828	5.474952095073357e-06	5.474952095319729e-06	0.032393618139940024	5.474952094854359e-06	5.474952095429229e-06	0.19072736474598162	5.47495209443005e-06	5.474952095114419e-06	5.474952095360792e-06	0.0002284619280121735	0.002931744824721787	5.474952094895421e-06	0.10539538686227957	0.04146344772722069	5.4749520946353604e-06	0.03276996176135091	0.09990108640465471	5.474952094854359e-06	0.03105000614991818
clueweb09-en0009-29-18606	0.14305386737167175	0.3551115539509156	0.01546617530728031	8.130081302458807e-05	0.0482781326037953	0.009096518056933126	8.130081303983195e-05	8.13008130388157e-05	8.130081302560432e-05	8.130081303434415e-05	8.130081302885634e-05	0.041372653278078514	8.13008130341409e-05	0.0026486935469482824	0.1831903803311988	0.03354923171207658	0.03460030170074169	8.130081301747424e-05	0.05547606340899678	0.011848580369211255	0.006565635743018592	8.130081302031977e-05	0.017676354900408076	8.130081302235229e-05	0.041252849588438986
clueweb09-en0008-79-08914	3.3222591371906016e-05	0.0019797383148719575	0.004993805856431277	0.00522261781724074	0.09924028131838972	0.0008971281752282756	0.0029425211128018907	3.322259137049406e-05	0.004318094794195653	3.3222591369580436e-05	0.002434543274380793	0.006049784995397891	0.06459874463313109	0.0011177896825563531	0.0010828257243530191	3.322259136999572e-05	3.322259136816848e-05	0.23149766982983158	0.3980862415112825	0.0056052976070535155	0.016337897025235998	0.033688181289838526	0.06771313653321995	3.322259136916515e-05	0.05199436495633998
clueweb09-en0090-93-26139	5.5788005586088824e-05	5.578800558106791e-05	0.22189064365116645	5.578800559473596e-05	0.008335409942522213	5.5788005580231076e-05	5.5788005605893566e-05	0.004439307346217219	5.578800559152815e-05	5.578800558455466e-05	0.1493414864211194	5.5788005583159953e-05	0.2752598938208934	5.578800558134685e-05	5.578800559473596e-05	5.578800559250444e-05	5.5788005618027455e-05	5.578800558748352e-05	5.5788005584275706e-05	5.5788005583020484e-05	5.5788005587901935e-05	5.5788005585252e-05	0.004120830154900424	5.578800558511254e-05	0.33560824456257404
clueweb09-en0012-31-00401	3.984063745513167e-05	0.003815021686951675	0.026737309135166795	0.008134790841380572	3.984063745981294e-05	3.984063745254202e-05	3.984063746668545e-05	3.984063745692449e-05	0.001959370204319224	0.0061308714058745835	3.9840637460211344e-05	3.984063747355796e-05	3.984063745991254e-05	3.984063745602808e-05	3.9840637457920506e-05	3.984063745572927e-05	3.9840637459115724e-05	3.9840637453836845e-05	0.42329577423841297	0.026640718156079865	3.9840637453836845e-05	0.013398545895472853	0.03663831049984413	0.005877125383425766	0.4468143936286503
clueweb09-en0008-18-29735	0.0001503759398643545	0.00015037593986097104	0.03664662458306631	0.00015037593987525676	0.0001503759398718733	0.0001503759398560838	0.10543116162779848	0.0001503759398688658	0.00015037593986097104	0.00015037593986285075	0.00015037593986736203	0.013929768748539028	0.0001503759398575876	0.00015037593986961766	0.0001503759398812718	0.021730875490920898	0.00015037593988916653	0.00015037593986473043	0.12121954879414776	0.00015037593987864023	0.0001503759398688658	0.04528483199333501	0.09804616698204789	0.0642641295631809	0.4910408771790652
clueweb09-en0080-74-39673	2.3894862606699437e-05	2.3894862605922854e-05	2.389486260604233e-05	2.389486260646049e-05	2.389486261004472e-05	2.389486260705786e-05	2.3894862605922854e-05	2.389486260520601e-05	2.3894862604907322e-05	2.389486260610207e-05	0.0016620307114743067	2.3894862605683906e-05	2.3894862606699437e-05	2.3894862605564433e-05	0.002766854000025866	2.389486260520601e-05	2.389486260604233e-05	2.389486260586312e-05	2.3894862607535757e-05	2.389486260640075e-05	2.3894862605086534e-05	2.3894862605922854e-05	0.9937662724102609	2.3894862621932413e-05	0.0013030507634923915
clueweb09-enwp01-96-10834	1.5243902443399844e-05	0.025764118416676716	0.05284552996206356	0.011551207209123861	0.006315914560140271	1.5243902444733685e-05	0.01009968028863241	1.5243902443742833e-05	0.01731088157363089	1.5243902441989783e-05	0.015216815912718864	0.0043507731558337405	0.0035526715603790135	0.004081372571546929	1.5243902443933382e-05	0.002833487064390786	0.0029827886835706694	0.0031122672127714946	0.4029153061290338	0.009747232709520466	0.0023876424057309104	0.20281339141754479	0.009936862099211123	1.5243902441913564e-05	0.21209059365281996
clueweb09-enwp02-28-05314	2.4125452358671016e-05	0.009376430814704184	0.1277020478263987	0.07405777465982973	0.05259036722130804	0.0026100152647923086	2.4125452356861608e-05	2.4125452355112512e-05	0.004474095215356515	2.4125452359032896e-05	0.01115468531028439	2.4125452357826626e-05	2.4125452354991884e-05	2.4125452355112512e-05	2.4125452356680665e-05	0.0018631981932059215	2.4125452356439413e-05	2.4125452355474395e-05	0.14636542069054556	0.00436171054225365	0.0007342881202290244	0.4487520832455757	2.4125452356198157e-05	2.4125452355052196e-05	0.11566837746723883
clueweb09-en0002-42-21048	8.333333335658193e-05	8.333333336116526e-05	0.004378443046207759	8.33333333519986e-05	0.0148889756800107	8.333333334012361e-05	0.01918490797875464	8.333333334366528e-05	8.333333336158193e-05	8.333333334637361e-05	8.333333334908194e-05	0.007302726268423009	0.001802372928396911	0.0142060960030278	8.33333333451236e-05	0.024107125008269385	8.33333333482486e-05	0.003611139222948414	0.06913791344980484	0.0032994931170526945	8.333333334887361e-05	0.27933902146440465	0.11905777436374868	8.333333334929027e-05	0.43868401146874847
clueweb09-en0004-65-26538	9.59232614096674e-05	9.592326139959546e-05	0.029873582061771934	0.004048166995120103	0.03792010227368976	0.0038458181879456343	9.59232614005547e-05	9.592326140798876e-05	9.592326140702951e-05	0.0029146836667032607	9.592326140151394e-05	9.592326141590243e-05	9.592326139719738e-05	9.592326139671777e-05	0.26523661494076417	9.59232614065499e-05	0.4789639181706256	0.0028018073473004357	0.03867143781495238	9.592326140678971e-05	9.592326139384007e-05	9.592326140415182e-05	9.592326142621417e-05	9.592326139599835e-05	0.134285019620057
clueweb09-en0058-00-20339	2.7081922820673745e-05	0.04594915420343327	0.09028041067690214	2.7081922824397512e-05	0.012531886736844532	2.7081922818710306e-05	0.021847700786002587	2.708192282331423e-05	2.7081922826631768e-05	0.009092177166543458	2.7081922821079972e-05	2.708192282480374e-05	2.708192282453292e-05	2.7081922822095544e-05	0.05190683826157795	0.0025128045825622888	0.01818502302970172	2.708192281979358e-05	0.6273657007048368	0.0045249509700611285	2.708192281904883e-05	0.06324840780951536	0.006593848164205547	2.708192282087686e-05	0.045636113833947514
clueweb09-en0025-95-02082	0.004983028177129367	7.490636705554673e-05	0.07564327030316131	0.19069207657074275	7.490636705517219e-05	0.002198726230165049	0.008119566454135852	7.490636706509728e-05	0.005005650610202033	7.490636705105233e-05	0.07040816413783164	7.490636705760666e-05	0.48787523756992063	0.0038575763311930462	0.01564042604993598	0.003924150857845417	0.009588526831742973	7.490636705423586e-05	0.021819359643025085	0.022045960850905332	0.00581833069759694	0.016148965816561587	7.490636706509728e-05	0.0039948592076066766	0.051711779090894534
clueweb09-en0024-21-21593	2.372479240877756e-05	2.372479240931137e-05	2.3724792409252058e-05	2.3724792409548617e-05	2.3724792408658938e-05	2.3724792409667243e-05	2.3724792408836876e-05	2.372479240859963e-05	2.372479240842169e-05	2.3724792408540313e-05	2.372479240931137e-05	2.3724792408896185e-05	2.3724792408836876e-05	2.372479240859963e-05	2.3724792409607927e-05	2.3724792408658938e-05	2.3724792409726552e-05	2.3724792409252058e-05	2.3724792409845177e-05	2.372479240871825e-05	2.372479240842169e-05	2.3724792411565223e-05	0.9994306049821806	2.372479240842169e-05	2.3724792410082428e-05
clueweb09-enwp02-29-17347	2.0070245865758467e-05	0.025658842988636864	0.19229448942027869	0.000861082408765572	0.017728321067743733	0.0018099240365478835	2.0070245864955656e-05	0.0025599895915122727	0.027592014825339586	0.0006491499046515872	2.007024586510618e-05	0.0012874144736571504	2.0070245863901967e-05	2.007024586510618e-05	0.020694973160663103	2.007024586595917e-05	2.0070245868166896e-05	2.0070245864805128e-05	0.1318683498442527	0.005502304673244669	2.0070245863851792e-05	0.022752609314088797	0.0652864269007263	0.0011307917456609945	0.4821426834314425
clueweb09-en0010-70-12065	0.015188839132571404	0.00012618296530738035	0.008059839807307262	0.5582510651911647	0.00012618296533135513	0.00012618296530864218	0.012219438791453222	0.00012618296530832673	0.00012618296531053492	0.00012618296530611853	0.11657285991880251	0.00012618296532157592	0.0001261829653092731	0.00012618296531684408	0.000126182965320945	0.00012618296532126047	0.00012618296532441504	0.00012618296530738035	0.00012618296531936773	0.00012618296532126047	0.00012618296530643398	0.04894663521389039	0.21910679223881746	0.004747529600470388	0.014888072660481567
clueweb09-en0043-49-26917	0.014000305432607833	0.0039019046680439933	0.045247055448622904	0.0026287558316290018	2.2087244621615333e-05	0.0903699945331334	2.2087244622995787e-05	0.0039468654448649425	0.007869945280330963	0.004874873401732158	0.062236107607835954	0.03325342404402293	2.2087244618799213e-05	2.2087244619682702e-05	0.1193733863386368	0.00585344068490146	2.2087244619848358e-05	2.208724461896487e-05	0.0345293036921056	2.2087244620842283e-05	0.0006386925542898421	0.01170798536240373	0.3964645033059908	2.2087244619572266e-05	0.16292675841188523
clueweb09-en0001-82-18762	1.8850141377559657e-05	0.005653957392405468	0.037811535865160575	1.8850141377936658e-05	1.885014137892629e-05	1.8850141379350417e-05	0.0010148770877704994	0.0020959219435685668	0.002448168291426224	0.0011828093019370487	1.885014137845504e-05	1.885014137812516e-05	1.885014137760678e-05	1.885014137803091e-05	0.005554514999989464	1.8850141379114793e-05	1.8850141377371155e-05	1.8850141378407913e-05	0.06921126271192533	1.8850141379397546e-05	1.885014137864354e-05	0.006223059125364324	0.05711895754754167	1.8850141378596412e-05	0.8114210337536132
clueweb09-en0000-27-14750	7.017543862527872e-05	7.017543860141907e-05	0.0037201378779183896	7.017543860071731e-05	0.010801494081570677	0.19017762592584925	0.010142448494764582	7.017543860317345e-05	7.017543860106818e-05	7.017543861229626e-05	7.017543860878748e-05	0.009407092862289895	7.017543860176995e-05	0.0021779711685110726	0.0367790832730329	0.03163801315325411	7.017543859843661e-05	7.017543860106818e-05	0.42097742635096863	7.017543860317345e-05	7.01754386047524e-05	0.04252294738984443	7.017543862001555e-05	7.017543860527872e-05	0.24067330328150877
clueweb09-en0092-55-07539	0.003266005530022286	0.06744814195975092	0.03471135253066085	0.032894216411405656	0.011201341303997811	7.448789572074743e-05	7.448789575743271e-05	0.010490817621882996	7.44878957440249e-05	7.44878957261478e-05	7.448789574085915e-05	0.5469019159386428	7.448789572409938e-05	0.054356680335750036	7.448789573396903e-05	7.448789572987219e-05	7.448789573415524e-05	0.005593293351458566	7.448789573285171e-05	7.448789572987219e-05	7.448789572316828e-05	7.448789573881074e-05	0.1767495827234539	0.011100236579394037	0.04431807306904388
clueweb09-en0052-37-43410	0.005264801384050217	0.10806368398184105	0.02970718716675475	0.00012779552718229214	0.10029178508384176	0.008853507514082938	0.00012779552717718032	0.004535525296394288	0.00012779552717654134	0.00012779552717526337	0.00012779552718165317	0.2651016384361902	0.00012779552716887362	0.00012779552717238798	0.26729732555711383	0.00012779552717941673	0.00012779552719539118	0.03691654250998541	0.0001277955271864455	0.0001277955271979471	0.006725575685783963	0.00012779552718804294	0.012137878355659415	0.003971406460762934	0.14959959624135774
clueweb09-en0027-77-12429	0.0039168979521984745	0.09929963106554904	0.021195253793119238	1.1068068623493628e-05	1.1068068625126169e-05	0.0016552932166947873	0.0028176282961915123	0.0010987933448281884	0.011095235907889084	1.1068068626897059e-05	0.0027713098497585257	0.026228798162808712	0.001346093865527429	1.1068068623714992e-05	0.14477447837369867	1.1068068625817924e-05	0.05808383073880794	1.1068068625181509e-05	0.5750674125095244	0.0029914286526478125	1.1068068623161586e-05	0.015178263473710029	0.0014364233559472374	0.0021601537359106316	0.02880559722481488
