rick warren devotional	0.0012158964711168944	0.0014691282996081734	3.334166876939769e-06	3.3341668770814712e-06	3.334166877364875e-06	0.0007482031653305142	0.000524867442534379	0.015938818416224524	0.00021212733296051145	3.334166877423223e-06	0.015178667491082239	0.00045403351071089	3.3341668773065275e-06	3.3341668770814712e-06	0.00043165863140058434	3.334166876839744e-06	0.0002442556370678873	0.0006911901878307303	0.045748433762994055	0.8162841283364454	3.3341668768314085e-06	3.3341668770064525e-06	0.09938269825156872	3.334166877014788e-06	0.001442551394353737
signs of having a heart attack	4.290924695606327e-06	4.290924695842327e-06	0.0032791786811178806	4.290924695745782e-06	4.2909246957136e-06	4.290924697033059e-06	4.290924695853055e-06	0.0020047054383270026	4.290924695638509e-06	4.290924695423962e-06	4.2909246961856015e-06	0.00018862329936540382	4.290924695756509e-06	4.290924695681418e-06	4.2909246955312355e-06	4.290924695617054e-06	4.290924695906691e-06	4.2909246957779635e-06	0.16964312265454032	4.29092469599251e-06	0.0001795902763243822	4.2909246959388735e-06	0.13229131873090813	0.6923362242748918	4.290924695767237e-06
tv on computer reviews	0.0060359902611213595	0.00022454617434869686	1.941087983614379e-06	1.941087983677464e-06	1.941087983837604e-06	1.941087983556146e-06	0.00271689470625002	0.5288867369897018	0.00037847009864691567	0.00026086791498894515	0.0756999980969392	0.03858037389550323	7.609274459691303e-05	0.0002704111455180629	0.0001867243951775056	0.00017806499123661847	0.003861926764711586	0.00011653007199781426	0.33098975672481834	0.0011042205699307453	1.941087983638642e-06	1.9410879836046736e-06	0.0009778718119546701	1.941087983735697e-06	0.009440935026672091
er tv show episode guide	2.724424466900269e-06	0.004523333226500252	2.724424466668693e-06	2.7244244665801495e-06	0.00046506795571046823	2.724424466600582e-06	2.724424466634638e-06	0.01977458836711348	2.7244244667027482e-06	0.0006278266033370055	0.8659349544430492	0.0027332598487853706	2.724424466600582e-06	2.7244244666210155e-06	2.724424466750426e-06	2.7244244666142045e-06	2.7244244667027482e-06	0.005589929952571269	0.008725740924029902	0.02267717469248994	0.00034383044949410626	0.0005458127427073861	0.06507835037767488	0.0017353841158411962	0.0012147776315622083
lymphoma in dogs images	6.41533508403046e-05	0.0036805232603534304	0.00010790800330012395	6.231403164238581e-07	0.007906623166305618	6.231403164752672e-07	0.00018948888985939082	0.0011244399067949936	0.0002544757765260659	6.231403164581307e-07	0.0003139133167998962	0.0001908151390235468	4.613965559956236e-05	6.231403164378787e-07	6.23140316434763e-07	6.231403164082795e-07	6.231403164020481e-07	3.806282501635463e-05	0.0008414295715181262	0.0022970121140946727	0.00013074324142460733	6.231403164300895e-07	0.009272968170718213	0.9729865963807406	0.0005497221085530821
the music man movie	0.00014862492396902044	0.006389242733618091	0.000384757726845456	0.0003472162490016636	1.701693187722282e-06	0.001527145383456244	0.00020762209427945162	0.0043373500746162535	0.0004025695178703606	6.503271325524935e-05	0.745132210048744	0.002431805502447509	1.7016931878754347e-06	1.7016931877860958e-06	1.7016931877137736e-06	0.00042293365813961324	1.70169318779035e-06	0.0004923248221787789	0.0958344502601992	0.07327714867196845	0.001086852164791058	0.00047550582889436524	0.020192080481173665	0.0003605029103837913	0.046476115768228965
solar panels for sale	1.3623514191445558e-06	1.3623514190764383e-06	1.3623514190628148e-06	1.3623514190219444e-06	1.362351419066221e-06	1.362351419035568e-06	0.7442727540256914	7.55847220481203e-05	1.3623514191990501e-06	1.362351419028756e-06	1.362351419171803e-06	1.3623514191070914e-06	1.3623514190628148e-06	1.3623514191649914e-06	1.3623514190117267e-06	1.3623514190628148e-06	1.3623514192126736e-06	0.002189834142616823	0.20372949901859938	0.0006002301017301981	1.362351419110497e-06	1.362351419059409e-06	0.04899705537803572	1.3623514191615854e-06	0.00011052028573473449
tv on computer hardware	0.013252458002617434	0.001312219364295806	0.0007314191545662746	0.00029727911156223635	0.00017661616087668276	0.00027077197260597644	0.023291841503240984	0.5373934983429385	0.0076349180566338696	0.0002959141257269218	0.04797616644603843	0.00991812969713317	1.4450863853079107e-06	0.0016401753620833048	0.0005338343488133335	0.0038588447341793386	0.004976464899535633	0.0003512809588907741	0.240326626190702	0.000774222957354469	0.0008825606196160424	0.0011983316034188676	0.06879755728265766	0.00018029529173303676	0.03392712872639403
signs of female heart attack	2.516356317784189e-06	2.516356317853389e-06	0.00197715623990031	2.516356317796771e-06	2.5163563177778985e-06	2.5163563183377877e-06	2.516356317796771e-06	0.018335434541057908	2.516356317847098e-06	2.5163563180609884e-06	0.00349792481393509	2.5163563177904804e-06	0.0011931287295114858	0.00010608331906911508	2.5163563177778985e-06	2.516356318042116e-06	2.516356317872262e-06	2.5163563178093527e-06	0.0746899556876405	0.025059739995599045	0.03535836541982426	0.006025625356480343	0.043502138256269474	0.7902192186522619	2.516356317960334e-06
kcsm jazz	7.222824129330801e-06	0.05493751667572341	0.0003816386951635846	7.222824129439144e-06	7.222824129204401e-06	0.005585287535897882	7.222824129439144e-06	0.08012312318257128	7.222824129709999e-06	7.222824129294687e-06	0.0299375005925992	0.19159200628392686	7.222824129619713e-06	7.222824129601657e-06	7.2228241290057745e-06	7.222824129637771e-06	7.222824129132173e-06	7.222824129330801e-06	0.0633913826451152	0.03897419910006003	7.222824129276629e-06	0.06548460166544012	0.3618298843452252	0.0005344361242334324	0.10713452644036198
the music man 1962	2.135269355192659e-06	0.012782644323447803	2.135269355438215e-06	0.0002847666287687306	2.1352693552033354e-06	0.0008528193581322643	0.00018421568328588048	0.004910603861667437	0.002702583153177579	0.00022903537734404543	0.25996980321044816	0.005681727648258938	2.135269355197997e-06	0.00021515537713616385	0.0005182417247128846	2.13526935516063e-06	0.00026748399030562944	0.000217542490351482	0.03270504076146998	0.5530447221393736	0.0011927344765365795	0.00046868182801595586	0.0007969451661558659	0.00035232417382927465	0.12261225228080566
early signs of heart attack	2.791736460979449e-06	0.0007509422319217069	2.7917364612237263e-06	2.791736461160912e-06	2.791736461084139e-06	2.7917364611748707e-06	2.7917364611120564e-06	0.00526781205778622	2.7917364612516437e-06	2.791736461119036e-06	0.0014924098088088657	2.7917364611329947e-06	2.791736461209767e-06	0.0008240313043302783	0.00046858932502520347	2.7917364610701804e-06	2.791736461300499e-06	2.791736461126015e-06	0.14471533025437072	0.0003160866452015441	0.000948152387939892	2.7917364611050773e-06	0.04043714953897177	0.8047376203987264	2.791736461405189e-06
american military university wiki	3.1034215278777706e-06	0.030698393142497806	3.1034215280174243e-06	3.103421527955356e-06	0.0001469736672563792	3.1034215280639755e-06	3.1034215278777706e-06	0.009341152966556028	3.1034215282967325e-06	3.1034215278157017e-06	3.103421527924322e-06	0.00580169014616113	0.10500924864759263	3.103421528335525e-06	0.0005543736543572113	3.10342152809501e-06	3.1034215279786314e-06	0.00015036116613804346	3.1034215279863903e-06	0.3560580693602468	0.0005453498652873189	3.1034215279941487e-06	0.48840142082430327	3.103421527947597e-06	0.0032495186582112224
universal nutrition animal cuts reviews	0.08767397646069598	0.0020142446754234152	0.004821591604410069	0.001446249523643483	0.16275042734112566	0.0008099967980294961	0.02158423103500723	0.0037052024320402303	0.0005379365988970185	0.026728798291228716	0.0022486780568870264	0.00017862146826226963	0.0021429425500582057	0.0007865433367018947	3.483410265183341e-06	3.4834102647566235e-06	3.4834102646695384e-06	0.001495299744212021	0.1437292425466852	0.013403103523799599	0.000713203582945166	3.483410264695664e-06	0.17086338227337006	0.3435186025570561	0.008833791958462067
rick warren church	2.4148756352207234e-06	0.006718778789577727	2.4148756353837277e-06	2.4148756354440996e-06	2.414875635238835e-06	0.0013576833937280666	0.0006275084232336654	0.025038217822944794	2.4148756353475048e-06	2.4148756353716533e-06	2.4148756354380623e-06	2.4148756352810953e-06	0.004412071762010092	2.4148756353475048e-06	0.004341113763561509	0.0006345892846167932	2.414875635317319e-06	2.414875635359579e-06	0.0549566470577798	0.8716602904474102	2.4148756356071034e-06	0.00020953593333816747	0.02739060919040759	2.4148756353112814e-06	0.002621560748132051
signs of a heart attack for a woman	3.1515915552703212e-06	3.1515915555224482e-06	3.1515915553806265e-06	3.1515915554279003e-06	3.151591555372748e-06	3.151591555372748e-06	0.0001636718370306144	0.005535853644008326	3.151591555727302e-06	3.1515915552624417e-06	0.009788167977072618	3.1515915554436585e-06	3.1515915555618433e-06	3.151591555656391e-06	3.1515915553806265e-06	3.151591555301837e-06	3.1515915553963847e-06	3.151591555624875e-06	0.09429779080945304	0.012332388669611087	0.000675577370964882	3.1515915552072893e-06	0.12104574765730887	0.7529831827239356	0.0031271938457279177
solar panels for house	1.7777777786275256e-06	0.0005867027655983399	1.777777778609748e-06	1.7777777788586367e-06	0.0002785683287347288	1.777777778689748e-06	0.7575006094592301	0.003554468222859137	1.7777777787475256e-06	1.7777777784764145e-06	0.0026336104511459194	1.7777777786941922e-06	1.7777777789653035e-06	1.7777777786853035e-06	1.7777777785253036e-06	1.7777777785564145e-06	0.0003541994743268348	0.010188888882478368	0.05552821480235114	0.0732216131370874	1.7777777785475257e-06	1.7777777789564146e-06	0.09597941242194181	0.00014882316534473912	1.7777777786364148e-06
the music man full movie	1.6496886241480998e-06	0.003862109767961373	0.0010567655572592221	1.6496886242347085e-06	0.00020603696071651493	1.649688624168721e-06	0.001480480767635913	0.01872942324514312	0.0027291512905198686	7.27636378480262e-05	0.7464317322397152	0.005442011867087023	0.0007133440657142933	0.0005171712838541416	0.0008249025868916433	0.0007491347740016426	0.0005545224081376375	0.0005224317815815902	0.09185531560265901	0.056794367983738395	0.0006360505410967688	1.649688624073864e-06	0.017965918328260323	0.0008191375169235489	0.048030629038758155
orange county convention center parking	3.5890533881123136e-06	0.028149775825186192	3.5890533880495052e-06	3.5890533876636817e-06	3.5890533878162167e-06	0.0002661266334855311	0.001117803380088136	0.0064806953213311265	0.823309751099702	3.5890533876636817e-06	3.589053387923888e-06	3.589053388300739e-06	3.5890533879956695e-06	3.5890533878969707e-06	3.589053387905943e-06	0.0002285565807824093	0.0008630557184391202	3.5890533881571767e-06	0.016409077596544065	3.589053388121286e-06	3.5890533879777243e-06	3.589053387852107e-06	0.12311773299023435	3.589053387843135e-06	3.589053387834162e-06
american military university ranking	1.5781582902108645e-06	0.09346907234983261	1.5781582902503187e-06	1.5781582902700456e-06	0.0017129303229327937	0.0001252819041994578	1.5781582904160252e-06	0.09058249135702794	1.5781582903292265e-06	1.5781582901516838e-06	0.005396315258536406	0.060496382256559046	0.05703087319120866	0.014738169916227045	0.00024824564272476563	7.91247949886276e-05	0.0002295630129631606	1.5781582903686805e-06	1.5781582902937179e-06	0.029945040113384416	0.00013437067767163796	1.5781582902463732e-06	0.6294753918580053	1.5781582901714108e-06	0.01632096576083521
arizona game and fish locations	5.16528925956926e-06	0.0002816734059315077	0.5656960193138639	5.165289259246429e-06	5.165289259504694e-06	5.165289259724219e-06	5.165289264037235e-06	0.015560831359513453	5.165289259440127e-06	5.165289259775872e-06	5.16528925993083e-06	0.0016074720475868038	5.165289259362648e-06	0.02189565342088608	5.165289259233516e-06	5.165289260550665e-06	5.165289259401388e-06	5.165289259414301e-06	0.10974898535159981	5.16528926033114e-06	0.001594101275743656	5.16528925949178e-06	0.2832075379519261	5.165289259349735e-06	0.0003250812447903861
american military university school code	0.00011045145300284374	0.08697772670493674	0.0009010293756848863	2.7595717956535237e-06	0.001349489825002519	0.0008010678632280504	0.0008516662253117175	0.11554853156014802	0.004432575998290909	2.759571795494848e-06	0.0013954952878012165	0.003168570146326272	0.050472536179999326	0.014765283975216047	0.0015172721129811729	0.0011701789622343198	0.0006191229772330458	0.0012572161160833034	0.0756321056820223	0.05922225765983838	0.005730200358080077	0.000614971488706807	0.5652517911326874	0.0004091485347112722	0.0077957912368823105
signs of a heart attack	4.154549236083748e-06	0.0016632711524242148	0.003680195306298306	4.154549236769249e-06	4.154549236229157e-06	4.154549236291476e-06	0.00015587445584740663	0.008332128484997968	4.1545492363745665e-06	0.00023267191291252338	0.0023393560411035454	0.0007123100998150388	4.154549236623839e-06	4.154549236623839e-06	4.154549236447272e-06	0.00020775527100654303	4.154549236395339e-06	0.0012197464966739087	0.18599377035230297	0.0036106275190839125	0.002124011658680677	4.154549237039294e-06	0.07079092720736291	0.71715299430286	0.0017428142462651555
orange county convention center events	3.586800574738928e-06	0.05503971243652575	3.586800574837565e-06	0.0006235572770004149	3.586800574756862e-06	0.00026938857534743	0.001502940386333166	0.023715138191270524	0.6912916130209981	3.5868005746761596e-06	3.5868005749541363e-06	3.5868005749182683e-06	3.58680057470306e-06	3.5868005749362025e-06	0.00010139919142369997	3.5868005747658295e-06	0.0024011957334680993	3.5868005747927304e-06	0.047101370942499145	0.024931210084319706	0.0004037301998490349	3.5868005748106646e-06	0.15023095757968796	3.586800574873433e-06	0.0023447447743791803
tv on computer software	0.0006476402495007351	1.1816140850676536e-06	1.1816140850292512e-06	1.1816140849819866e-06	1.1816140850351593e-06	1.1816140850440214e-06	0.00055927231457612	0.6219690472344059	0.0008294516862501162	0.0014479402003519841	0.24989035366544057	1.1816140850558375e-06	1.1816140849878946e-06	0.00027192713702172604	1.1816140851503668e-06	1.1816140851178723e-06	1.181614085088332e-06	0.008001081472650459	0.03868352398616916	0.0010284261021148591	0.00019836903996286206	0.0013650057973547051	0.03264652768330226	1.181614084996757e-06	0.04244843567596297
arizona game and fish flagstaff	2.3575175347141997e-06	0.008822894760096052	0.4755962750287542	2.3575175351680218e-06	2.357517535038358e-06	2.357517534755456e-06	2.3575175348202876e-06	0.0031259967850515483	2.357517534991208e-06	2.3575175347436684e-06	2.357517535008889e-06	0.020196898803715665	2.3575175348261813e-06	0.0003440495037721633	2.357517535044252e-06	0.0004127098482608742	2.3575175347849253e-06	2.3575175349853138e-06	0.011268148276580386	0.04363958682378489	0.002958404070879255	0.0007814110065372257	0.43230533133953447	0.00051764602507949	2.357517535020677e-06
rick warren	2.2440392732501857e-06	0.0022985774142667563	2.2440392734633695e-06	2.244039273379218e-06	2.244039273564351e-06	0.0006993215463609461	2.244039273328727e-06	0.00905635116305406	0.000493732443066335	2.2440392733567776e-06	2.2440392736541124e-06	0.0007697350626087661	0.0047805554294721555	0.00017018995888662812	0.002091841321999272	8.638114352797401e-05	2.2440392733006765e-06	2.244039273457759e-06	0.045056742766787276	0.913987118642363	0.00046744522732766367	8.551776930378589e-05	0.016141817110463013	0.0007086244107241468	0.0030858522363273124
orange county convention center floor plan	3.1306253455619412e-06	0.09569734448617516	3.1306253455228087e-06	3.13062534542889e-06	3.1306253455854214e-06	3.1306253456323805e-06	0.00046410247269636814	0.0029178588938726423	0.526101090644256	3.1306253454523695e-06	3.1306253456167277e-06	0.00025544238637257286	3.1306253455697682e-06	0.005974489427067692	3.1306253456167277e-06	0.00012860971109657427	3.1306253457106463e-06	3.1306253457497792e-06	0.07292279581036307	3.1306253457967387e-06	0.0010905760494610867	0.00046363855866998565	0.29344571429281396	3.1306253454758496e-06	0.0004976391376621597
orange county convention center jobs	1.7516969574336783e-06	0.17029753132477057	0.0010136433769663011	1.7516969575344009e-06	1.7516969575694348e-06	0.00044686637358720547	0.0014826160045855112	0.012482257143231344	0.5677562912096094	1.75169695736799e-06	1.7516969575256426e-06	0.002666519155911381	1.7516969574292993e-06	0.002577742119078151	0.00010679934293964702	1.7516969575212634e-06	1.751696957551918e-06	0.002219321722398478	0.060429824515158555	0.0018846461068152442	0.0002601272686879117	0.0019782500557810876	0.16825886758050237	0.001991126203770079	0.004133556920547008
rick warren purpose driven life	3.6815462536137594e-06	0.001651639805297527	3.6815462534020702e-06	3.6815462533376436e-06	3.681546253797836e-06	3.681546253650575e-06	3.681546253650575e-06	0.010948847484834606	3.681546253586148e-06	3.6815462533100316e-06	0.0022685183328281606	0.001980818802295169	0.0005058364556959623	3.681546253797836e-06	0.002414773943251161	3.6815462533100316e-06	3.681546253521721e-06	0.004294848217302901	0.020108633489327732	0.934317704627301	3.6815462538530602e-06	3.68154625397271e-06	0.02071565541490676	0.0007411817794085781	3.6815462537794285e-06
black history timeline	9.292419430656545e-05	0.01358678177469517	2.3164234438602716e-06	0.00021376305663271025	0.0002747105363404981	2.3164234438255255e-06	0.0005864152440824671	0.08381402368004236	0.0001646037638345184	0.00036693118268627727	2.316423444236691e-06	0.0015408108269411018	0.18139402033056087	0.0017044997576276635	0.007965942425506571	2.3164234437907794e-06	2.316423443808152e-06	0.0019847005740123774	0.13839330087960267	0.390158398068279	0.0015990778641525884	0.0004861846070621409	0.07120940180125715	2.316423443808152e-06	0.10444961089171387
orange county convention center schedule	8.237910869360831e-07	0.14858505618038914	0.000644857696843166	0.0001895218781475927	0.001362872034503636	8.237910869834511e-07	0.0005898034911065601	0.004664934629412193	0.6810286103194871	8.237910869566779e-07	0.0008375687263938612	0.0018508983830250337	0.0016796963923434952	0.0013738128086977267	8.237910870843655e-07	8.237910870184622e-07	0.0007825149016709304	0.0009163845438255288	8.237910869710943e-07	0.029353496286584662	0.0004056772457006055	0.001748942397559429	0.11601082041012524	0.002412679595376529	0.005556909332285515
the music man script	0.0003037127225396734	0.004281340223801744	0.001540536154457796	0.0001417257578829199	3.156067547173332e-06	0.003911021588953717	0.0006957816667109483	0.01877794314923914	3.1560675475757303e-06	3.1560675471496613e-06	0.34563085259347015	0.021245043118576293	3.1560675472048925e-06	0.0007385203252879216	0.0005128072540502735	0.00030265533259022514	0.00012324796417279382	0.0005985201331654426	0.3998086301697375	0.06556856346657125	0.0017360209957642608	0.00012119171893001399	0.01941607737992296	0.0005664885067469637	0.1139666955072389
black history month snl	6.277365392831033e-07	0.009431020174725501	0.00035247329063360514	6.277365392768261e-07	0.0007244268141432783	0.02126959496558906	0.0004927229173979457	0.004864022141395464	0.0003242755887790656	6.277365393097821e-07	0.6597473514902347	0.008259525105677457	0.0038821609813547214	6.277365392925194e-07	0.00038572934921203176	3.770205491009694e-05	0.0003557374085722179	0.0003108826833244713	0.0030701275507666196	0.11698027943672576	0.0003869227461317954	6.277365392972274e-07	0.029363575546159183	0.0016432829428979364	0.13811504812867284
tv on computer free uk	0.008402604305619343	0.0009123877164573444	0.00040592558482124033	8.747750338454108e-05	0.0007063873596335935	0.0010095326061787425	0.014428487620249116	0.6804749096595274	0.003221072252843021	0.00032142845787092207	0.06266126598511473	0.015235704636736116	5.742537819393315e-05	0.000654265787860168	0.0005303744465959428	0.000938991345137736	0.007174433627955266	0.0011666717132992296	0.055810427506921036	0.0015276159807044221	0.0005386866910849714	0.0004773759682250311	0.08605198977528684	0.004483910242147575	0.05272064784815183
er tv show online	2.1205534649935902e-06	0.0012444009248283043	2.1205534650147957e-06	2.1205534649458773e-06	2.1205534649299734e-06	2.1205534650943164e-06	2.1205534649935902e-06	0.03777505725341515	2.1205534650413023e-06	2.1205534649193707e-06	0.9285080639858735	2.1205534649935902e-06	2.1205534649882886e-06	2.120553464967083e-06	2.1205534651685356e-06	2.1205534649564804e-06	2.1205534650147957e-06	0.004105115744410558	2.120553465073111e-06	0.00021633482829072	0.00022574274564813687	2.1205534651738367e-06	0.02788711455516321	2.1205534650147957e-06	2.120553465020097e-06
american military university tuition	0.0002610932413594155	0.017369594945341543	3.0738492320291756e-06	0.00011799706187131555	0.00012404152700698569	3.0738492319292757e-06	0.000516527165132258	0.03614483670143892	3.073849232282768e-06	3.0738492321982375e-06	3.0738492319139067e-06	3.0738492319753835e-06	3.0738492321982375e-06	0.04380121992170094	3.073849232059914e-06	0.00012072786973463635	3.073849231960014e-06	0.00030675668454615564	0.03853337616011132	0.00011128742854913526	3.0738492321751833e-06	3.0738492318677985e-06	0.8624161985119252	3.073849231852429e-06	0.000139456590497821
tv on computer india	0.009987819997441277	0.004284455927448852	0.0012991566104259746	1.2753874717240189e-06	0.0007533758154119912	0.0006258715158410978	0.03591795319181981	0.4814209101324192	0.0002181114425708393	0.013011226741431802	0.07367013304761277	0.006104360143258266	0.00020313746908461812	0.0012157767334057717	0.00041962936023888617	7.879637370332513e-05	0.0016135147848452985	0.0031497317101786735	0.12442946369826474	0.008576487276254022	1.2753874717208304e-06	0.006005077889848584	0.03457302608752454	0.00018271222870834162	0.19225672104731772
signs of stroke or heart attack	3.662332906999526e-06	0.018177852205684877	0.0036560095073921287	3.6623329072101104e-06	3.6623329070361494e-06	3.6623329070910845e-06	3.6623329071002405e-06	0.0065161987449151885	3.662332907164331e-06	0.0003037115177354198	3.662332907374915e-06	3.6623329071460193e-06	3.6623329072467336e-06	0.0012190914988750299	3.662332906999526e-06	3.6623329071002405e-06	3.662332907283357e-06	3.662332907402383e-06	0.09386828902473021	0.004610422771319146	3.6623329070544614e-06	3.662332908079914e-06	0.21181308158687873	0.6597767458159536	3.662332907493941e-06
arizona game and fish hunting regulations	2.712600028048907e-06	0.0006985835290981084	0.5354294144299897	2.7126000281981004e-06	0.0009803940077283409	2.712600028747402e-06	0.0003654587470678416	0.006774709286457134	2.712600028320167e-06	2.712600028272697e-06	0.007284705994300417	0.009876196581167666	2.7126000281981004e-06	0.020692081867042092	2.712600028082815e-06	2.7126000282252262e-06	2.7126000282116636e-06	2.712600028265915e-06	0.054326605767155166	2.7126000283744192e-06	2.7126000283744192e-06	2.7126000282048818e-06	0.361454540075073	2.712600028462579e-06	0.0020793333145245575
universal nutrition animal cuts 42 packs reviews	0.08430482903547243	0.0018474924479646756	0.004537694187413234	0.00024367665439813203	0.1546052592690561	0.00041720253721397045	0.01928329872289047	0.0027909750756725284	3.840237814457385e-06	0.020595842738551477	0.003968494742447845	3.840237813910151e-06	0.0026282108259319723	0.0010080893797330811	0.000293461789232587	3.840237813967755e-06	3.840237813823746e-06	0.001673315068585886	0.13818144737709537	0.0258938744561942	0.00021311418713472846	0.0002200699960926899	0.1817802903638827	0.3532004504567058	0.002297549737073748
black history	0.00023551382889041957	0.001714956155843245	3.266639453855837e-06	0.00013046487138131091	0.0007418680998189078	0.012756971459300132	0.00032512969775722885	0.05124086000933857	3.266639453757838e-06	3.2666394543131663e-06	0.015801065914067585	0.0005411833624782643	0.11570140197147172	0.0007819575726131677	0.05546184944375031	3.2666394534965066e-06	0.0003131981092817156	0.0008477026466220299	0.16319320425837366	0.23202352121855854	0.0006832203820099329	3.266639453619006e-06	0.04819289113732944	3.2666394535700062e-06	0.2992934400243912
lymphoma in dogs end stage symptoms	3.802136805866513e-07	0.006598566251316935	0.0001408716515573463	0.0001612068328064605	0.0017409089601227127	0.00010560781843702312	0.0002579494375633597	0.00046263305732766426	3.8021368060946413e-07	8.215799411798969e-05	0.0002208393944288749	9.038047139379412e-05	0.00012331747917240316	3.8021368061611784e-07	0.00023182365101862037	0.00023694439937455312	3.8021368058475025e-07	3.8021368061516736e-07	2.709599087385988e-05	3.8814448601788405e-05	0.00014175532571716933	0.0002273655910146752	3.8021368060661254e-07	0.9881976658210183	0.0009118141420528152
universal animal cuts reviews	0.07430403338610515	0.0022126270025429897	0.007503873601305986	0.001090907639085884	0.17158186790823812	0.001124385614825664	0.018437540403013673	0.022688112683966068	0.0009980276634369814	0.02277655722418918	0.0018765273836203731	3.4949737867007677e-06	0.0035097952255297776	0.0007250968036279406	0.000548582855742175	3.494973786604656e-06	3.494973786517282e-06	0.0021616704018773848	0.10976345546598588	0.019224175441958983	0.0011311957978617545	0.0019390765518187416	0.17827239110654872	0.34293928514515876	0.015180329772200097
lymphoma in dogs	0.0005034466695651847	0.0025953856954580978	0.0023266255549518216	0.00017425215716356033	0.10349659838213336	2.758240249486612e-06	0.0013693082487988488	0.007039967532254166	0.0029215694842980766	0.0006555881359331175	0.0007052301939534042	2.7582402489901286e-06	2.758240249190101e-06	0.005824451396967084	2.758240249017711e-06	0.00019622273479312575	0.0008402153559641125	0.0009290020989363344	0.00507291131632912	0.02265210501245024	0.00019199176550076187	0.001118707383154577	0.08904867489043425	0.7341653446205141	0.018161368409449867
kcs	0.0025026888744358812	0.1450115266827025	0.0012203348220732218	0.0005036646759726753	0.0005298427912155522	5.157962613572794e-06	0.017349182729347237	0.09943520217973306	0.03776534093636255	5.1579626134438455e-06	0.0003259274577570039	0.2611161361659581	5.157962613598584e-06	0.015593688895903119	0.0030857067051507222	5.157962613688849e-06	0.009704265338049255	0.004627154209619429	0.08293585760826333	0.054410836547777904	5.157962613740429e-06	5.15796261361148e-06	0.2515722360749045	5.157962613766219e-06	0.012274301566478614
solar panels cost	8.759244144799537e-05	0.00014096057474415275	1.902225608615588e-06	1.9022256085870547e-06	1.902225608639366e-06	1.902225608615588e-06	0.7964114851635421	0.0007731182091334065	1.9022256087962996e-06	1.9022256086726548e-06	0.0001456980034409507	1.9022256086869216e-06	1.9022256086250992e-06	1.9022256087344772e-06	1.9022256085822988e-06	1.902225608639366e-06	0.00021415357359094332	0.004973952684471325	0.07635877020915903	0.029790474257025055	6.754654264926333e-05	1.9022256086441215e-06	0.09100961718227456	1.902225608715455e-06	1.9022256086298549e-06
tv on computer without tv tuner	0.0043872956637147666	1.8221574361377765e-06	1.8221574362197738e-06	8.2333161538078e-05	1.8221574362334398e-06	1.8221574362425505e-06	0.0032909725908349887	0.7014379187301538	1.8221574362197738e-06	1.8221574361241105e-06	0.11268566349467787	0.0027294767724977895	1.822157436187886e-06	1.8221574363518802e-06	1.8221574361514428e-06	7.667003390459037e-05	1.8221574363017708e-06	1.8221574362789937e-06	0.15156626216165184	1.8221574363382138e-06	6.656667904094158e-05	1.8221574363336586e-06	0.022048105765329232	1.8221574362516614e-06	0.001603224742548814
er tv show nurses	2.1072595101857645e-06	0.009975737952265787	0.0003920292139586133	2.1072595101541553e-06	2.1072595101541553e-06	2.107259510328004e-06	2.107259510438635e-06	0.0027028273915887567	2.107259510180496e-06	2.1072595100329877e-06	0.7110724015004795	0.0014925456684863009	2.1072595104175627e-06	2.107259510175228e-06	2.1072595101857645e-06	2.107259510180496e-06	2.107259510175228e-06	0.003344833804840765	0.0170037897708931	0.05535497560197903	0.00023048516987761846	2.107259510280591e-06	0.1913542284008676	0.00666161028023172	0.0003871408708984675
kcsos	7.766990295915735e-06	0.15360673110484996	7.766990297857484e-06	7.766990297643891e-06	7.76699029589632e-06	7.766990296265252e-06	7.76699029595457e-06	0.04125005861133652	7.766990296284667e-06	7.766990296245833e-06	7.766990297236126e-06	0.0016083488837652289	0.000637297511314025	0.021088709339000707	7.766990295993405e-06	7.766990295818648e-06	7.766990295857485e-06	7.76699029618758e-06	0.010595430717835889	0.017090219483559693	0.0035771034495660436	7.766990296206998e-06	0.7395204125618301	0.0008000503444708987	0.010116900128321457
orange county convention center	3.198976328877122e-06	0.09759620870084043	0.0004908174544197957	0.00035344222294301445	3.1989763288691247e-06	3.1989763294929247e-06	0.0026667146730301504	0.018798747527421757	0.7056067044717722	3.198976328837135e-06	0.0016980903641425238	0.0018799579031180756	3.198976328901114e-06	3.198976328973091e-06	3.1989763288931165e-06	3.1989763288691247e-06	0.0007716093315614805	3.198976328877122e-06	0.012047066556178205	0.01935034166335178	0.0009997476614783316	3.198976329061063e-06	0.12626497417402874	0.0016923462134453564	0.009751241318978369
lymphoma in dogs remission	2.128452084239005e-06	2.128452084324143e-06	2.1284520842123993e-06	2.1284520844944193e-06	0.04816159258581286	2.128452084185794e-06	0.00014606899598017018	2.128452084579557e-06	6.535927370538864e-05	2.1284520841379036e-06	0.0003698878398377309	2.1284520849360733e-06	2.128452084324143e-06	2.128452084446529e-06	2.1284520841698304e-06	2.1284520841751515e-06	2.1284520841804725e-06	2.1284520842230414e-06	2.1284520844997404e-06	0.0044156666563555085	0.00035108139818082934	2.128452084164509e-06	0.16301477875596282	0.7834393808087311	2.1284520842656103e-06
black history month kd's	2.3952095835091986e-06	0.057619269884588604	2.3952095837367434e-06	2.3952095838684803e-06	2.3952095836828514e-06	0.0013414445039947453	2.395209583694827e-06	0.0008875534679155976	0.03813689249578465	2.3952095835151867e-06	0.0018383357975379937	0.005559414350738234	2.3952095836529113e-06	2.3952095838624922e-06	2.395209583581055e-06	2.395209583563091e-06	2.3952095839044085e-06	2.395209583658899e-06	0.8148548759234534	0.015422104088572582	0.0009049159408738627	2.39520958383854e-06	2.395209583790636e-06	2.395209583551115e-06	0.06339926540278491
solar panels prices	0.0010013905576419365	2.10792580332708e-06	2.1079258030056208e-06	2.1079258029318438e-06	0.00011570194576356074	0.0007045173488287082	0.7877417265464927	0.01339450575125582	0.0005769905154312506	2.107925802974002e-06	0.0004959790195765479	2.107925803089938e-06	2.107925803226953e-06	0.002013542047196002	0.00018450737875271445	0.00010955854640205434	2.107925803147906e-06	0.0025605907942799783	0.07826566970367034	2.1079258031637152e-06	0.0002774378557711116	2.1079258029845415e-06	0.11211785291813448	2.107925803253302e-06	0.000418949812771745
solar panels for home	2.1525049796429125e-06	0.0050618870202312075	0.00013599471607614842	2.1525049795837185e-06	9.7487149310439e-05	2.1525049795621932e-06	0.8634902778678548	0.004590388323882678	0.0049757266818967584	2.152504979572956e-06	2.1525049798204942e-06	0.00028085243141724557	2.1525049796644373e-06	0.0021688090640447927	2.1525049796698185e-06	0.00019157836753655263	0.0008063617082374697	0.0006999338569396397	0.02139622811333719	0.0044114595934497325	0.0005220372065828491	9.913066320078003e-05	0.09061175214683422	2.1525049797451566e-06	0.00044287504933019994
arizona game and fish dove season	1.3684102501929742e-06	0.004352776826247617	0.4305037218547932	1.368410250316131e-06	0.005209647061683179	1.3684102505282347e-06	0.000988792916402689	0.0036257873811312877	0.0008213201879312489	0.022955391271661265	1.3684102503434992e-06	0.01833663241090473	1.3684102502374473e-06	0.008926659268967501	0.0013210502826357855	0.00022489965901419836	1.36841025031271e-06	0.0001725266749276297	0.0022827769616336788	0.07179942512185446	0.005816575586554434	0.0009295012205205257	0.41551320170802336	0.0014496866249232205	0.004761416518688206
american military university transcript request	2.715546504615599e-06	0.016902969718818023	2.715546504751376e-06	2.715546504744587e-06	2.715546504690276e-06	0.0005877234133821114	2.715546504649543e-06	0.0074967238011109565	2.715546504826054e-06	2.7155465044798215e-06	2.7155465047377985e-06	0.00023462181557459735	0.004163301753271289	0.023668192320032512	2.7155465047988984e-06	2.71554650460881e-06	2.7155465046291767e-06	0.0004191019257160888	0.08829515625042346	2.7155465049210977e-06	2.715546504805687e-06	2.7155465045341324e-06	0.8570305978207517	2.715546504649543e-06	0.0011608779833487922
solar panels information	3.5612535696280416e-06	0.0005898441723486426	0.0001327273401339737	3.56125356970817e-06	3.56125356939656e-06	0.00012682124408123273	0.622824876060028	0.01235857495255794	3.5612535696013325e-06	3.5612535692808195e-06	3.561253569458882e-06	0.0008012110448475116	0.000282004645882673	0.0008297648693354085	3.5612535701177143e-06	3.561253569449979e-06	0.00034956115135823906	3.56125356970817e-06	0.14798141868035167	0.010387674701740391	3.5612535694054634e-06	0.00016131214860430976	0.20250867835743777	0.0002869444997413593	0.0003429735958551188
the music man	4.838514578335715e-06	4.8385145781058855e-06	0.0037032035300982482	4.838514578033308e-06	4.838514578154271e-06	0.0025946827845195132	4.8385145783478126e-06	0.0747038621563262	0.005460502399425747	4.83851457799702e-06	0.37896053383306383	4.83851457842039e-06	4.838514578372005e-06	0.0003405500787412137	0.002863266489261187	4.8385145780816934e-06	4.838514578505064e-06	4.8385145782510424e-06	0.10037967573373294	0.060896321339573234	4.838514578432485e-06	0.008024365862620507	4.8385145786744115e-06	4.8385145782026565e-06	0.3620052965885415
kcsd pinnacle	0.04	0.04	0.04	0.04	0.04	0.04	0.04	0.04	0.04	0.04	0.04	0.04	0.04	0.04	0.04	0.04	0.04	0.04	0.04	0.04	0.04	0.04	0.04	0.04	0.04
lymphoma in dogs cure	5.664278236448501e-07	0.0016577143183973192	5.664278236080322e-07	5.664278236561787e-07	0.04009779562196379	0.0002940354257661267	5.664278236660911e-07	0.00030532654865069125	5.664278236363537e-07	5.664278236335216e-07	7.924301899701124e-05	5.664278236122805e-07	5.664278236108644e-07	5.664278236278572e-07	5.664278236193608e-07	5.664278236066162e-07	5.664278236165286e-07	5.664278236292733e-07	8.694176387534071e-05	8.203588877020309e-05	9.964756351155536e-05	5.66427823643434e-07	0.0007487450954526273	0.9565400183372611	5.664278236519304e-07
rick warren salary	0.00017229116370173805	0.03011358803750518	0.00021591519236694402	0.0008235962885211798	0.0009009192601592052	0.0044098348012707915	7.209968913703047e-05	0.018515899258513383	1.2978164258902823e-06	0.0007373356088118799	0.002391992635466667	0.0011968864174992828	0.002842013855893179	0.0077523877785723345	0.004461541481330171	0.00020186978489076875	0.00029136821370172447	1.2978164258902823e-06	0.04699750331001545	0.7676144116585003	0.0008692762105244962	1.297816425792946e-06	0.07808381790164598	0.0017374871994194712	0.029594070803275214
black history month 2015	2.71628412597028e-06	0.0003288850030242466	2.7162841260517685e-06	2.716284126024606e-06	0.0008282739122142582	0.0007558340076406855	0.0006609327289855769	0.026895007018326044	2.7162841261943737e-06	2.716284126391304e-06	0.026203149136547064	0.006348937457680272	2.7162841261196755e-06	2.7162841261807924e-06	0.0007196305522166057	2.7162841259566984e-06	2.7162841259634894e-06	2.716284126099303e-06	0.20487713111761785	0.6597100176820294	0.0003595565162160446	2.7162841263098154e-06	0.07227733317386237	2.71628412616042e-06	2.7162841262147453e-06
orange county convention center restaurants	2.1310602041613647e-06	0.02854791765504076	0.0008272423951086993	0.00022546049009347695	9.554384672341475e-05	2.1310602042093136e-06	0.0004221080701721211	0.01637320404036604	0.8587142360299291	0.00018556821684540925	2.131060204294556e-06	0.0005453216421941075	2.131060204294556e-06	2.1310602041187433e-06	2.13106020417202e-06	0.00024487563270144227	2.1310602041986583e-06	0.0001283702535634966	0.04519955942638514	0.00535176065005711	2.1310602041933305e-06	2.1310602041773474e-06	0.042134836226165484	0.0009826848226118206	2.1310602043584875e-06
er tv show cast	2.3842164875214794e-06	0.004338687611692459	2.384216487449953e-06	0.0001194844612456179	0.0001348690245804824	2.3842164875453217e-06	2.384216487497637e-06	0.01901486950083508	2.384216487569164e-06	0.0009742995564406408	0.8666576189170615	0.0009998885792058335	2.3842164875870452e-06	2.3842164875512822e-06	0.0009585225386293809	2.3842164874082294e-06	0.0022477184537926386	0.0015496803012169063	0.008072238088691695	0.026082745058308928	0.00014966302949365466	2.384216487485716e-06	0.06387745506997547	0.003717542512475198	0.0010832593479668208
er tv show dr greene	1.9455252939593207e-06	0.009319919749435282	0.00011563391018646307	0.0005750432402266491	0.0016834603568336587	0.0014036982380625125	0.00012147411247631126	0.006967419202741764	0.00029155390601242226	1.9455252939495934e-06	0.5915822005140746	0.01567152309505045	1.945525293832862e-06	1.9455252939204106e-06	0.0008496214171156452	9.888415093435156e-05	1.9455252940517333e-06	1.945525294090644e-06	0.09081900398343176	0.23721024295080506	8.21884780096239e-05	1.9455252942122393e-06	0.03474273658264045	0.006686534387651502	0.0017652430472534192
arizona game and fish draw	3.622532151368323e-06	3.622532151486055e-06	0.5096720807905193	3.6225321515403934e-06	3.622532151730576e-06	3.622532151513224e-06	3.6225321513592664e-06	0.00834103068098612	0.0008011876887262129	0.0013439795489118282	0.0037109823919106886	0.03589401044322436	3.6225321514136044e-06	0.027129689332679605	3.6225321513592664e-06	3.622532151857365e-06	3.622532151730576e-06	3.622532151676238e-06	0.08236230569356116	0.00538203333781527	0.001257613400527254	0.0022316170405435585	0.31734238804604387	0.0007098309889392506	0.0037814027619445605
arizona game and fish jobs	0.0007136375529662967	0.023640447563981534	0.3752704794354698	0.0005181539432467388	0.0033388316877290686	0.0014303999976524096	0.002603514885648734	0.015629003671368078	0.004745795659450201	2.6549847370781727e-06	0.006711560205363256	0.04337431324740771	0.0006891040535239464	0.024837894943076703	0.010701932459366167	0.0011157376181946605	0.0012530660598600234	0.0015423213542644979	0.016812906392211557	0.04849196083881326	0.01584469559075631	0.011150106556225243	0.3432968020022237	0.0021565611884259146	0.044128118108037115
rick warren net worth	0.0004172709456238182	0.05412111559690638	0.0008863608014361087	0.001169862919761825	0.001854569132898028	0.0006738160178776733	0.0008833190908525586	0.021064322518638403	0.00600080479780514	0.002520865640591417	0.0010129872251973576	0.0029469340247689413	0.002299047141233669	0.0073761778513269744	0.008097123614781748	0.0007007402769473032	0.0013817440590455944	0.0056952110162699155	0.04046979977886462	0.7112610255873797	0.001433787329142749	0.0007981651067235331	0.07838936897988978	0.0008794015682622449	0.04766617897777456
black history facts	0.0005327657918174576	0.021714758893263107	0.0006637635291073342	0.002696833788106919	0.0022924063935646443	0.00017789665989766505	0.0016680370994658765	0.09574560581094677	0.0001415104553303368	0.002422051343280779	0.01638049749056819	0.0002132974123712285	0.019289782676850598	0.013834970591963914	0.029417154857760544	0.0002991763067504109	0.00034702588376281894	0.0007309320627762008	0.12777429296717172	0.2851555071764955	0.0005269488291958243	0.0002508648198333624	0.20251453540942563	0.004293677170745813	0.1709157065795475
black history people	2.7756561353515616e-06	0.005483114942425353	0.0014525399262018965	0.0014720034952044447	0.00580305781077767	0.005731699476479268	0.0014878120250907906	0.061193214238989845	0.0019491696756348872	0.0005325404472440878	0.012045733839647993	0.003895678258232217	0.0442903619873389	0.010162452916304968	0.01069027853060049	2.7756561353723787e-06	0.002594763191621194	0.0036559438396263776	0.027838463271664046	0.3420574317955687	0.0004472813040287477	0.0003015951713382158	0.06885527272238788	0.0048746734520807525	0.38317936636924055
